C01 01S T 100011 101000 0001111000 0001111000  19 0.053 94.11 0.000559 0.000559
C02 01S T 100011 001001 0001000111 0001000111  01 1.000 94.11 0.010626 0.011186
C03 01S T 000100 100100 0001110000 0001110000  19 0.053 94.11 0.000559 0.011745
C04 01S T 000001 010100 0001001110 0001001100  01 1.000 94.11 0.010626 0.022371
C04 90G L 000001 000100 1010000011 0000000000  01 1.000 94.11 0.010626 0.032998
C04 91G L 000001 000010 1010110000 0000000000  01 1.000 94.11 0.010626 0.043624
C05 01S T 001110 000010 0001001110 0000000000  01 1.000 94.11 0.010626 0.054251
C06 01S T 011010 000001 0001111000 0000000000  01 1.000 94.11 0.010626 0.064877
C06 02S T 011010 100000 0001000111 0000000000  01 1.000 94.11 0.010626 0.075503
C07 01S T 010101 101000 0010111000 0010111000  01 1.000 94.11 0.010626 0.086130
C08 01S T 100101 101000 0010000110 0010000110  01 1.000 94.11 0.010626 0.096756
C08 90G L 100101 010000 1010110000 0000000000  01 1.000 94.11 0.010626 0.107383
C09 01S T 010000 010100 0010001110 0010110000  01 1.000 94.11 0.010626 0.118009
C10 01S T 001011 000101 0010001110 0010110000  01 1.000 94.11 0.010626 0.128635
C11 01S T 000010 000010 0010110000 0000000000  01 1.000 94.11 0.010626 0.139262
C11 90G L 000010 000010 0110001110 0000000000  01 1.000 94.11 0.010626 0.149888
C12 01S T 011100 000001 0010001110 0000000000  01 1.000 94.11 0.010626 0.160515
C13 01S T 000011 101000 0011111000 0011111000  01 1.000 94.11 0.010626 0.171141
C14 01S T 100101 010100 0011001100 0011110000  10 0.100 94.11 0.001063 0.172204
C14 90G L 100101 010000 1010000011 0000000000  06 0.167 94.11 0.001771 0.173975
C15 01S T 011111 010000 0011000110 0000000000  15 0.067 94.11 0.000708 0.174683
C15 90G L 011111 010100 0111110000 0111001100  01 1.000 94.11 0.010626 0.185309
C18 01S T 001110 001010 0011000110 0011110000  01 1.000 94.11 0.010626 0.195936
C18 02S T 100111 100001 0011000011 0011110000  01 1.000 94.11 0.010626 0.206562
C16 01S T 000000 000010 0011001110 0000000000  01 1.000 94.11 0.010626 0.217189
C17 01S T 010110 000001 0011001110 0000000000  01 1.000 94.11 0.010626 0.227815
C19 01S T 010101 001001 0100000111 0100000111  01 1.000 94.11 0.010626 0.238441
C20 01S T 011001 001001 0100110000 0100110000  01 1.000 94.11 0.010626 0.249068
C20 90G L 011001 010000 1010001100 0000000000  06 0.167 94.11 0.001771 0.250839
C24 01S T 000110 100010 0100001100 0100110000  01 1.000 94.11 0.010626 0.261465
C21 01S T 001101 010000 0100000011 0000000000  01 1.000 94.11 0.010626 0.272092
C21 90G L 001101 000100 1000001100 0000000000  01 1.000 94.11 0.010626 0.282718
C22 01S T 011011 010000 0100111000 0000000000  06 0.167 94.11 0.001771 0.284489
C22 90G L 011011 000100 1000000011 0000000000  01 1.000 94.11 0.010626 0.295116
C23 01S T 001000 000010 0100000111 0000000000  01 1.000 94.11 0.010626 0.305742
C23 90G L 001000 000100 0100110000 0000000000  01 1.000 94.11 0.010626 0.316368
C25 01S T 001111 100000 0001111000 0000000000  01 1.000 94.11 0.010626 0.326995
C25 90G L 001111 100000 1000000110 0000000000  01 1.000 94.11 0.010626 0.337621
C26 01S T 000011 010001 0001111000 0001001100  01 1.000 94.11 0.010626 0.348248
C27 01S T 001110 010100 0001000110 0001001100  01 1.000 94.11 0.010626 0.358874
C28 01S T 011011 001000 0001111000 0000000000  01 1.000 94.11 0.010626 0.369500
C28 90G L 011011 001000 0111000110 0000000000  01 1.000 94.11 0.010626 0.380127
C30 01S T 010000 000101 0001000011 0001110000  01 1.000 94.11 0.010626 0.390753
C29 01S T 011101 000010 0001111000 0000000000  01 1.000 94.11 0.010626 0.401380
C29 90G L 011101 000010 0111000110 0000000000  01 1.000 94.11 0.010626 0.412006
C31 01S T 010001 100100 0010110000 0010000110  01 1.000 94.11 0.010626 0.422632
C31 90G L 010001 100000 1001001100 0000000000  01 1.000 94.11 0.010626 0.433259
C32 01S T 010001 101000 0010000011 0010001100  01 1.000 94.11 0.010626 0.443885
C32 90G L 010001 010000 1001110000 0000000000  01 1.000 94.11 0.010626 0.454512
C33 01S T 100010 010000 0010001110 0000000000  01 1.000 94.11 0.010626 0.465138
C34 01S T 011110 000101 0010111000 0010110000  01 1.000 94.11 0.010626 0.475764
C35 01S T 010100 001010 0010000011 0010110000  01 1.000 94.11 0.010626 0.486391
C36 01S T 100000 100000 0011111000 0000000000  01 1.000 94.11 0.010626 0.497017
C36 90G L 100000 010000 1000110000 0000000000  01 1.000 94.11 0.010626 0.507644
C37 01S T 001001 100000 0011000110 0000000000  01 1.000 94.11 0.010626 0.518270
C37 90G L 001001 010100 1000001100 1000110000  01 1.000 94.11 0.010626 0.528896
C38 01S T 010110 001000 0011001110 0000000000  01 1.000 94.11 0.010626 0.539523
C39 01S T 011110 010100 0011000011 0011000110  01 1.000 94.11 0.010626 0.550149
C39 90G L 011110 000010 0111110000 0000000000  01 1.000 94.11 0.010626 0.560776
C40 01S T 010000 001010 0011110000 0011001100  01 1.000 94.11 0.010626 0.571402
C41 01S T 100110 101000 0100111000 0100111000  01 1.000 94.11 0.010626 0.582028
C42 01S T 011010 101000 0100000110 0100000110  01 1.000 94.11 0.010626 0.592655
C43 01S T 011111 000101 0100110000 0100000011  01 1.000 94.11 0.010626 0.603281
C43 90G L 011111 010000 0111001100 0000000000  01 1.000 94.11 0.010626 0.613908
C44 01S T 011101 010100 0100000011 0100001100  01 1.000 94.11 0.010626 0.624534
C45 01S T 010010 000101 0100000011 0100110000  01 1.000 94.11 0.010626 0.635160
C62 01S T 001111 001000 0101110000 0000000000  01 1.000 94.11 0.010626 0.645787
C62 90G L 001111 100000 0111001100 0000000000  06 0.167 94.11 0.001771 0.647558
C46 01S T 010001 100000 0101000011 0000000000  01 1.000 94.11 0.010626 0.658184
C46 90G L 010001 010000 1001110000 0000000000  01 1.000 94.11 0.010626 0.668811
C47 01S T 011000 010100 0101001110 0101111000  01 1.000 94.11 0.010626 0.679437
C48 01S T 001101 100000 0101111000 0000000000  06 0.167 94.11 0.001771 0.681208
C48 90G L 001101 001010 1000000110 1000110000  01 1.000 94.11 0.010626 0.691834
C49 01S T 000111 000100 0101000111 0000000000  01 1.000 94.11 0.010626 0.702461
C49 90G L 000111 000010 1000001100 0000000000  01 1.000 94.11 0.010626 0.713087
C50 01S T 010010 000011 0101000011 0101001100  01 1.000 94.11 0.010626 0.723714
C51 01S T 000111 000001 0001000111 0000000000  01 1.000 94.11 0.010626 0.734340
C52 01S T 100001 000100 0001000110 0000000000  01 1.000 94.11 0.010626 0.744966
C52 90G L 100001 010000 1000110000 0000000000  01 1.000 94.11 0.010626 0.755593
C52 91G L 001100 010000 1000001100 0000000000  01 1.000 94.11 0.010626 0.766219
C53 01S T 010010 100010 0001111000 0001110000  01 1.000 94.11 0.010626 0.776846
C54 01S T 100001 010100 0001000011 0001011000  01 1.000 94.11 0.010626 0.787472
C55 01S T 010110 001000 0001000111 0000000000  01 1.000 94.11 0.010626 0.798098
C56 01S T 100111 001000 0010110000 0000000000  01 1.000 94.11 0.010626 0.808725
C56 90G L 100111 000010 1000001100 0000000000  01 1.000 94.11 0.010626 0.819351
C56 91G L 100111 000001 1000001100 0000000000  01 1.000 94.11 0.010626 0.829978
C57 01S T 100110 000010 0010000011 0000000000  01 1.000 94.11 0.010626 0.840604
C57 90G L 100110 000001 0111000011 0000000000  01 1.000 94.11 0.010626 0.851230
C58 01S T 001011 000010 0011000011 0000000000  01 1.000 94.11 0.010626 0.861857
C58 90G L 001011 000001 0111110000 0000000000  01 1.000 94.11 0.010626 0.872483
C59 01S T 100000 000001 0011001100 0000000000  01 1.000 94.11 0.010626 0.883110
C59 90G L 100000 000001 1000000011 0000000000  01 1.000 94.11 0.010626 0.893736
C60 01S T 100000 010000 0100110000 0000000000  01 1.000 94.11 0.010626 0.904362
C60 90G L 100000 000010 1000000011 0000000000  01 1.000 94.11 0.010626 0.914989
C61 01S T 010011 000010 0100001100 0000000000  01 1.000 94.11 0.010626 0.925615
C61 90G L 010011 000001 0111001100 0000000000  01 1.000 94.11 0.010626 0.936242
C63 01S T 010011 000001 0101110000 0000000000  01 1.000 94.11 0.010626 0.946868
C63 90G L 010011 000001 0111000011 0000000000  01 1.000 94.11 0.010626 0.957494
C65 01S T 010011 100000 0001000110 0000000000  01 1.000 94.11 0.010626 0.968121
C65 90G L 010011 000010 0111000011 0000000000  01 1.000 94.11 0.010626 0.978747
C64 01S T 001100 000010 0001001100 0000000000  01 1.000 94.11 0.010626 0.989374
C64 90G L 001100 000001 1000011000 0000000000  01 1.000 94.11 0.010626 1.000000
