C01 01S T 100011 101000 0001111000 0001111000  19 0.053 74.01 0.000711 0.000711
C02 01S T 100011 001001 0001000111 0001000111  01 1.000 74.01 0.013513 0.014224
C03 01S T 000100 100100 0001110000 0001110000  19 0.053 74.01 0.000711 0.014935
C04 01S T 000001 010100 0001001110 0001001100  01 1.000 74.01 0.013513 0.028447
C04 90G L 000001 000100 1010000011 0000000000  01 1.000 74.01 0.013513 0.041960
C04 91G L 000001 000010 1010110000 0000000000  01 1.000 74.01 0.013513 0.055473
C05 01S T 001110 000010 0001001110 0000000000  01 1.000 74.01 0.013513 0.068985
C06 01S T 011010 000001 0001111000 0000000000  01 1.000 74.01 0.013513 0.082498
C06 02S T 011010 100000 0001000111 0000000000  01 1.000 74.01 0.013513 0.096010
C07 01S T 010101 101000 0010111000 0010111000  19 0.053 74.01 0.000711 0.096721
C08 01S T 100101 101000 0010000110 0010000110  01 1.000 74.01 0.013513 0.110234
C08 90G L 100101 010000 1010110000 0000000000  01 1.000 74.01 0.013513 0.123747
C09 01S T 010000 010100 0010001110 0010110000  01 1.000 74.01 0.013513 0.137259
C10 01S T 001011 000101 0010001110 0010110000  01 1.000 74.01 0.013513 0.150772
C11 01S T 000010 100000 0010110000 0000000000  19 0.053 74.01 0.000711 0.151483
C11 90G L 000010 000010 0110001110 0000000000  01 1.000 74.01 0.013513 0.164995
C12 01S T 011100 000001 0010001110 0000000000  01 1.000 74.01 0.013513 0.178508
C13 01S T 000011 011000 0011111000 0011111000  20 0.050 74.01 0.000676 0.179184
C14 01S T 100101 010100 0011001100 0011110000  19 0.053 74.01 0.000711 0.179895
C14 90G L 100101 010000 1010000011 0000000000  06 0.167 74.01 0.002252 0.182147
C15 01S T 011111 010000 0011000110 0000000000  15 0.067 74.01 0.000901 0.183048
C15 90G L 011111 010100 0111110000 0111001100  11 0.091 74.01 0.001228 0.184276
C18 01S T 001110 001010 0011000110 0011110000  01 1.000 74.01 0.013513 0.197789
C18 02S T 100111 100001 0011000011 0011110000  01 1.000 74.01 0.013513 0.211301
C16 01S T 000000 000010 0011001110 0000000000  01 1.000 74.01 0.013513 0.224814
C17 01S T 010110 000001 0011001110 0000000000  01 1.000 74.01 0.013513 0.238326
C19 01S T 010101 011000 0100000111 0100000111  24 0.042 74.01 0.000563 0.238889
C20 01S T 011001 001001 0100110000 0100110000  01 1.000 74.01 0.013513 0.252402
C20 90G L 011001 010000 1010001100 0000000000  11 0.091 74.01 0.001228 0.253630
C24 01S T 000110 100100 0100110000 0100110000  19 0.053 74.01 0.000711 0.254342
C21 01S T 001101 010000 0100000011 0000000000  19 0.053 74.01 0.000711 0.255053
C21 90G L 001101 000100 1000001100 0000000000  01 1.000 74.01 0.013513 0.268565
C22 01S T 011011 010000 0100111000 0000000000  06 0.167 74.01 0.002252 0.270817
C22 90G L 011011 000100 1000000011 0000000000  01 1.000 74.01 0.013513 0.284330
C23 01S T 001000 000010 0100000111 0000000000  01 1.000 74.01 0.013513 0.297843
C23 90G L 001000 100000 0100110000 0000000000  19 0.053 74.01 0.000711 0.298554
C25 01S T 001111 100000 0001111000 0000000000  01 1.000 74.01 0.013513 0.312066
C25 90G L 001111 100000 1000000110 0000000000  01 1.000 74.01 0.013513 0.325579
C26 01S T 000011 010001 0001111000 0001001100  01 1.000 74.01 0.013513 0.339091
C27 01S T 001110 010100 0001000110 0001001100  01 1.000 74.01 0.013513 0.352604
C28 01S T 011011 001000 0001111000 0000000000  01 1.000 74.01 0.013513 0.366116
C28 90G L 011011 001000 0111000110 0000000000  01 1.000 74.01 0.013513 0.379629
C30 01S T 010000 000101 0001000011 0001110000  01 1.000 74.01 0.013513 0.393142
C29 01S T 011101 000010 0001111000 0000000000  01 1.000 74.01 0.013513 0.406654
C29 90G L 011101 000010 0111000110 0000000000  01 1.000 74.01 0.013513 0.420167
C31 01S T 010001 101000 0010110000 0010110000  19 0.053 74.01 0.000711 0.420878
C31 90G L 010001 100000 1001001100 0000000000  11 0.091 74.01 0.001228 0.422106
C32 01S T 010001 011000 0010000011 0010001100  12 0.083 74.01 0.001126 0.423232
C32 90G L 010001 010000 1001110000 0000000000  01 1.000 74.01 0.013513 0.436745
C33 01S T 100010 010000 0010001110 0000000000  10 0.100 74.01 0.001351 0.438096
C34 01S T 011110 100001 0010111000 0010110000  24 0.042 74.01 0.000563 0.438659
C35 01S T 010100 001010 0010000011 0010110000  01 1.000 74.01 0.013513 0.452172
C36 01S T 100000 100000 0011111000 0000000000  01 1.000 74.01 0.013513 0.465684
C36 90G L 100000 010000 1000110000 0000000000  01 1.000 74.01 0.013513 0.479197
C37 01S T 001001 100000 0011000110 0000000000  01 1.000 74.01 0.013513 0.492709
C37 90G L 001001 010100 1000001100 1000110000  01 1.000 74.01 0.013513 0.506222
C38 01S T 010110 001000 0011001110 0000000000  01 1.000 74.01 0.013513 0.519735
C39 01S T 011110 010100 0011000011 0011000110  01 1.000 74.01 0.013513 0.533247
C39 90G L 011110 000010 0111110000 0000000000  01 1.000 74.01 0.013513 0.546760
C40 01S T 010000 001010 0011110000 0011001100  01 1.000 74.01 0.013513 0.560272
C41 01S T 100110 101000 0100111000 0100111000  01 1.000 74.01 0.013513 0.573785
C42 01S T 011010 101000 0100000110 0100000110  10 0.100 74.01 0.001351 0.575136
C43 01S T 011111 000101 0100110000 0100000011  01 1.000 74.01 0.013513 0.588649
C43 90G L 011111 010000 0111001100 0000000000  01 1.000 74.01 0.013513 0.602161
C44 01S T 011101 010100 0100000011 0100001100  01 1.000 74.01 0.013513 0.615674
C45 01S T 010010 100001 0100000011 0100110000  10 0.100 74.01 0.001351 0.617025
C62 01S T 001111 001000 0101110000 0000000000  01 1.000 74.01 0.013513 0.630538
C62 90G L 001111 100000 0111001100 0000000000  06 0.167 74.01 0.002252 0.632790
C46 01S T 010001 010000 0101000011 0000000000  10 0.100 74.01 0.001351 0.634141
C46 90G L 010001 010000 1001110000 0000000000  03 0.333 74.01 0.004504 0.638645
C47 01S T 011000 010100 0101001110 0101111000  10 0.100 74.01 0.001351 0.639996
C48 01S T 001101 100000 0101111000 0000000000  06 0.167 74.01 0.002252 0.642248
C48 90G L 001101 001010 1000000110 1000110000  01 1.000 74.01 0.013513 0.655761
C49 01S T 000111 000100 0101000111 0000000000  01 1.000 74.01 0.013513 0.669274
C49 90G L 000111 000010 1000001100 0000000000  01 1.000 74.01 0.013513 0.682786
C50 01S T 010010 000011 0101000011 0101001100  01 1.000 74.01 0.013513 0.696299
C51 01S T 000111 000001 0001000111 0000000000  01 1.000 74.01 0.013513 0.709811
C52 01S T 100001 010000 0001000110 0000000000  17 0.059 74.01 0.000795 0.710606
C52 90G L 100001 010000 1000110000 0000000000  01 1.000 74.01 0.013513 0.724119
C52 91G L 001100 010000 1000001100 0000000000  06 0.167 74.01 0.002252 0.726371
C53 01S T 010010 100010 0001111000 0001110000  01 1.000 74.01 0.013513 0.739883
C54 01S T 100001 010100 0001000011 0001011000  12 0.083 74.01 0.001126 0.741009
C55 01S T 010110 001000 0001000111 0000000000  01 1.000 74.01 0.013513 0.754522
C56 01S T 100111 100000 0010000110 0000000000  06 0.167 74.01 0.002252 0.756774
C56 90G L 100111 000010 1000001100 0000000000  01 1.000 74.01 0.013513 0.770287
C56 91G L 100111 000001 1000001100 0000000000  01 1.000 74.01 0.013513 0.783799
C57 01S T 100110 000010 0010000011 0000000000  01 1.000 74.01 0.013513 0.797312
C57 90G L 100110 000001 0111000011 0000000000  01 1.000 74.01 0.013513 0.810824
C58 01S T 001011 000010 0011000011 0000000000  01 1.000 74.01 0.013513 0.824337
C58 90G L 001011 000001 0111110000 0000000000  01 1.000 74.01 0.013513 0.837849
C59 01S T 100000 000001 0011001100 0000000000  01 1.000 74.01 0.013513 0.851362
C59 90G L 100000 000001 1000000011 0000000000  01 1.000 74.01 0.013513 0.864874
C60 01S T 100000 010000 0100110000 0000000000  01 1.000 74.01 0.013513 0.878387
C60 90G L 100000 000010 1000000011 0000000000  01 1.000 74.01 0.013513 0.891900
C61 01S T 010011 000010 0100001100 0000000000  01 1.000 74.01 0.013513 0.905412
C61 90G L 010011 000001 0111001100 0000000000  01 1.000 74.01 0.013513 0.918925
C63 01S T 010011 000001 0101110000 0000000000  01 1.000 74.01 0.013513 0.932437
C63 90G L 010011 000001 0111000011 0000000000  01 1.000 74.01 0.013513 0.945950
C65 01S T 010011 100000 0001000110 0000000000  01 1.000 74.01 0.013513 0.959462
C65 90G L 010011 000010 0111000011 0000000000  01 1.000 74.01 0.013513 0.972975
C64 01S T 001100 000010 0001001100 0000000000  01 1.000 74.01 0.013513 0.986487
C64 90G L 001100 000001 1000011000 0000000000  01 1.000 74.01 0.013513 1.000000
