C01 01S T 100011 101000 0001111000 0001111000  01 1.000 98.67 0.010135 0.010135
C02 01S T 100011 001001 0001000111 0001000111  01 1.000 98.67 0.010135 0.020270
C03 01S T 000100 010100 0001110000 0001110000  01 1.000 98.67 0.010135 0.030405
C04 01S T 000001 010100 0001001110 0001001100  01 1.000 98.67 0.010135 0.040541
C04 90G L 000001 000100 1010000011 0000000000  01 1.000 98.67 0.010135 0.050676
C04 91G L 000001 000010 1010110000 0000000000  01 1.000 98.67 0.010135 0.060811
C05 01S T 001110 000010 0001001110 0000000000  01 1.000 98.67 0.010135 0.070946
C06 01S T 011010 000001 0001111000 0000000000  01 1.000 98.67 0.010135 0.081081
C06 02S T 011010 100000 0001000111 0000000000  01 1.000 98.67 0.010135 0.091216
C07 01S T 010101 101000 0010111000 0010111000  01 1.000 98.67 0.010135 0.101351
C08 01S T 100101 101000 0010000110 0010000110  01 1.000 98.67 0.010135 0.111486
C08 90G L 100101 010000 1010110000 0000000000  01 1.000 98.67 0.010135 0.121622
C09 01S T 010000 010100 0010001110 0010110000  01 1.000 98.67 0.010135 0.131757
C10 01S T 001011 000101 0010001110 0010110000  01 1.000 98.67 0.010135 0.141892
C11 01S T 000010 000010 0010110000 0000000000  01 1.000 98.67 0.010135 0.152027
C11 90G L 000010 000010 0110001110 0000000000  01 1.000 98.67 0.010135 0.162162
C12 01S T 011100 000001 0010001110 0000000000  01 1.000 98.67 0.010135 0.172297
C13 01S T 000011 101000 0011111000 0011111000  01 1.000 98.67 0.010135 0.182432
C14 01S T 100101 010100 0011001100 0011110000  01 1.000 98.67 0.010135 0.192568
C14 90G L 100101 010000 1010000011 0000000000  01 1.000 98.67 0.010135 0.202703
C15 01S T 011111 000100 0011000011 0000000000  01 1.000 98.67 0.010135 0.212838
C15 90G L 011111 010100 0111110000 0111001100  01 1.000 98.67 0.010135 0.222973
C18 01S T 001110 001010 0011000110 0011110000  01 1.000 98.67 0.010135 0.233108
C18 02S T 100111 100001 0011000011 0011110000  01 1.000 98.67 0.010135 0.243243
C16 01S T 000000 000010 0011001110 0000000000  01 1.000 98.67 0.010135 0.253378
C17 01S T 010110 000001 0011001110 0000000000  01 1.000 98.67 0.010135 0.263514
C19 01S T 010101 001001 0100000111 0100000111  01 1.000 98.67 0.010135 0.273649
C20 01S T 011001 001001 0100110000 0100110000  01 1.000 98.67 0.010135 0.283784
C20 90G L 011001 010000 1010001100 0000000000  06 0.167 98.67 0.001689 0.285473
C24 01S T 000110 100010 0100110000 0100110000  01 1.000 98.67 0.010135 0.295608
C21 01S T 001101 100000 0100000011 0000000000  01 1.000 98.67 0.010135 0.305743
C21 90G L 001101 000100 1000001100 0000000000  01 1.000 98.67 0.010135 0.315878
C22 01S T 011011 010000 0100111000 0000000000  06 0.167 98.67 0.001689 0.317568
C22 90G L 011011 000100 1000000011 0000000000  01 1.000 98.67 0.010135 0.327703
C23 01S T 001000 000010 0100000111 0000000000  01 1.000 98.67 0.010135 0.337838
C23 90G L 001000 100000 0100001100 0000000000  01 1.000 98.67 0.010135 0.347973
C25 01S T 001111 100000 0001111000 0000000000  01 1.000 98.67 0.010135 0.358108
C25 90G L 001111 100000 1000000110 0000000000  01 1.000 98.67 0.010135 0.368243
C26 01S T 000011 010100 0001111000 0001110000  01 1.000 98.67 0.010135 0.378378
C27 01S T 001110 010100 0001000110 0001001100  01 1.000 98.67 0.010135 0.388514
C28 01S T 011011 001000 0001111000 0000000000  01 1.000 98.67 0.010135 0.398649
C28 90G L 011011 001000 0111000110 0000000000  01 1.000 98.67 0.010135 0.408784
C30 01S T 010000 000101 0001000011 0001110000  01 1.000 98.67 0.010135 0.418919
C29 01S T 011101 000010 0001111000 0000000000  01 1.000 98.67 0.010135 0.429054
C29 90G L 011101 000010 0111000110 0000000000  01 1.000 98.67 0.010135 0.439189
C31 01S T 010001 100100 0010110000 0010000110  01 1.000 98.67 0.010135 0.449324
C31 90G L 010001 100000 1001001100 0000000000  01 1.000 98.67 0.010135 0.459459
C32 01S T 010001 101000 0010000011 0010001100  01 1.000 98.67 0.010135 0.469595
C32 90G L 010001 010000 1001110000 0000000000  01 1.000 98.67 0.010135 0.479730
C33 01S T 100010 010000 0010001110 0000000000  01 1.000 98.67 0.010135 0.489865
C34 01S T 011110 000101 0010111000 0010110000  01 1.000 98.67 0.010135 0.500000
C35 01S T 010100 001010 0010000011 0010110000  01 1.000 98.67 0.010135 0.510135
C36 01S T 100000 100000 0011111000 0000000000  01 1.000 98.67 0.010135 0.520270
C36 90G L 100000 010000 1000110000 0000000000  01 1.000 98.67 0.010135 0.530405
C37 01S T 001001 100000 0011000110 0000000000  01 1.000 98.67 0.010135 0.540541
C37 90G L 001001 010100 1000001100 1000110000  01 1.000 98.67 0.010135 0.550676
C38 01S T 010110 001000 0011001110 0000000000  01 1.000 98.67 0.010135 0.560811
C39 01S T 011110 010100 0011000011 0011000110  01 1.000 98.67 0.010135 0.570946
C39 90G L 011110 000010 0111110000 0000000000  01 1.000 98.67 0.010135 0.581081
C40 01S T 010000 001010 0011110000 0011001100  01 1.000 98.67 0.010135 0.591216
C41 01S T 100110 101000 0100111000 0100111000  01 1.000 98.67 0.010135 0.601351
C42 01S T 011010 101000 0100000110 0100000110  01 1.000 98.67 0.010135 0.611486
C43 01S T 011111 000101 0100110000 0100000011  01 1.000 98.67 0.010135 0.621622
C43 90G L 011111 010000 0111001100 0000000000  01 1.000 98.67 0.010135 0.631757
C44 01S T 011101 010100 0100000011 0100001100  01 1.000 98.67 0.010135 0.641892
C45 01S T 010010 000101 0100000011 0100110000  01 1.000 98.67 0.010135 0.652027
C62 01S T 001111 001000 0101110000 0000000000  01 1.000 98.67 0.010135 0.662162
C62 90G L 001111 100000 0111001100 0000000000  06 0.167 98.67 0.001689 0.663851
C46 01S T 010001 100000 0101000011 0000000000  01 1.000 98.67 0.010135 0.673986
C46 90G L 010001 010000 1001110000 0000000000  01 1.000 98.67 0.010135 0.684122
C47 01S T 011000 010100 0101001110 0101111000  01 1.000 98.67 0.010135 0.694257
C48 01S T 001101 100000 0101111000 0000000000  06 0.167 98.67 0.001689 0.695946
C48 90G L 001101 001010 1000000110 1000110000  01 1.000 98.67 0.010135 0.706081
C49 01S T 000111 000100 0101000111 0000000000  01 1.000 98.67 0.010135 0.716216
C49 90G L 000111 000010 1000001100 0000000000  01 1.000 98.67 0.010135 0.726351
C50 01S T 010010 000011 0101000011 0101001100  01 1.000 98.67 0.010135 0.736486
C51 01S T 000111 000001 0001000111 0000000000  01 1.000 98.67 0.010135 0.746622
C52 01S T 100001 001000 0001110000 0000000000  01 1.000 98.67 0.010135 0.756757
C52 90G L 100001 010000 1000110000 0000000000  01 1.000 98.67 0.010135 0.766892
C52 91G L 001100 010000 1000001100 0000000000  01 1.000 98.67 0.010135 0.777027
C53 01S T 010010 100010 0001111000 0001110000  01 1.000 98.67 0.010135 0.787162
C54 01S T 100001 010100 0001000011 0001011000  01 1.000 98.67 0.010135 0.797297
C55 01S T 010110 001000 0101000111 0000000000  01 1.000 98.67 0.010135 0.807432
C56 01S T 100111 001000 0010110000 0000000000  01 1.000 98.67 0.010135 0.817568
C56 90G L 100111 000010 1000001100 0000000000  01 1.000 98.67 0.010135 0.827703
C56 91G L 100111 000001 1000001100 0000000000  01 1.000 98.67 0.010135 0.837838
C57 01S T 100110 000010 0010000011 0000000000  01 1.000 98.67 0.010135 0.847973
C57 90G L 100110 000001 0111000011 0000000000  01 1.000 98.67 0.010135 0.858108
C58 01S T 001011 000010 0011000011 0000000000  01 1.000 98.67 0.010135 0.868243
C58 90G L 001011 000001 0111110000 0000000000  01 1.000 98.67 0.010135 0.878378
C59 01S T 100000 000001 0011001100 0000000000  01 1.000 98.67 0.010135 0.888514
C59 90G L 100000 000001 1000000011 0000000000  01 1.000 98.67 0.010135 0.898649
C60 01S T 100000 010000 0100110000 0000000000  01 1.000 98.67 0.010135 0.908784
C60 90G L 100000 000010 1000000011 0000000000  01 1.000 98.67 0.010135 0.918919
C61 01S T 010011 000010 0100001100 0000000000  01 1.000 98.67 0.010135 0.929054
C61 90G L 010011 000001 0111001100 0000000000  01 1.000 98.67 0.010135 0.939189
C63 01S T 010011 000001 0101110000 0000000000  01 1.000 98.67 0.010135 0.949324
C63 90G L 010011 000001 0111000011 0000000000  01 1.000 98.67 0.010135 0.959459
C65 01S T 010011 100000 0001000110 0000000000  01 1.000 98.67 0.010135 0.969595
C65 90G L 010011 000010 0111000011 0000000000  01 1.000 98.67 0.010135 0.979730
C64 01S T 001100 000010 0001001100 0000000000  01 1.000 98.67 0.010135 0.989865
C64 90G L 001100 000001 1000011000 0000000000  01 1.000 98.67 0.010135 1.000000
