C01 01S T 100011 101000 0001111000 0001111000  19 0.053 84.22 0.000625 0.000625
C02 01S T 100011 001001 0001000111 0001000111  01 1.000 84.22 0.011874 0.012498
C03 01S T 000100 100100 0001110000 0001110000  19 0.053 84.22 0.000625 0.013123
C04 01S T 000001 010100 0001001110 0001001100  01 1.000 84.22 0.011874 0.024997
C04 90G L 000001 000100 1010000011 0000000000  01 1.000 84.22 0.011874 0.036871
C04 91G L 000001 000010 1010110000 0000000000  01 1.000 84.22 0.011874 0.048744
C05 01S T 001110 000010 0001001110 0000000000  01 1.000 84.22 0.011874 0.060618
C06 01S T 011010 000001 0001111000 0000000000  01 1.000 84.22 0.011874 0.072491
C06 02S T 011010 100000 0001000111 0000000000  01 1.000 84.22 0.011874 0.084365
C07 01S T 010101 101000 0010111000 0010111000  19 0.053 84.22 0.000625 0.084990
C08 01S T 100101 101000 0010000110 0010000110  01 1.000 84.22 0.011874 0.096863
C08 90G L 100101 010000 1010110000 0000000000  01 1.000 84.22 0.011874 0.108737
C09 01S T 010000 010100 0010001110 0010110000  01 1.000 84.22 0.011874 0.120610
C10 01S T 001011 000101 0010001110 0010110000  01 1.000 84.22 0.011874 0.132484
C11 01S T 000010 100000 0010110000 0000000000  19 0.053 84.22 0.000625 0.133109
C11 90G L 000010 000010 0110001110 0000000000  01 1.000 84.22 0.011874 0.144982
C12 01S T 011100 000001 0010001110 0000000000  01 1.000 84.22 0.011874 0.156856
C13 01S T 000011 011000 0011111000 0011111000  20 0.050 84.22 0.000594 0.157450
C14 01S T 100101 010100 0011001100 0011110000  19 0.053 84.22 0.000625 0.158075
C14 90G L 100101 010000 1010000011 0000000000  06 0.167 84.22 0.001979 0.160054
C15 01S T 011111 010000 0011000110 0000000000  15 0.067 84.22 0.000792 0.160845
C15 90G L 011111 010100 0111110000 0111001100  11 0.091 84.22 0.001079 0.161925
C18 01S T 001110 001010 0011000110 0011110000  01 1.000 84.22 0.011874 0.173798
C18 02S T 100111 100001 0011000011 0011110000  01 1.000 84.22 0.011874 0.185672
C16 01S T 000000 000010 0011001110 0000000000  01 1.000 84.22 0.011874 0.197545
C17 01S T 010110 000001 0011001110 0000000000  01 1.000 84.22 0.011874 0.209419
C19 01S T 010101 001001 0100000111 0100000111  01 1.000 84.22 0.011874 0.221292
C20 01S T 011001 001001 0100110000 0100110000  01 1.000 84.22 0.011874 0.233166
C20 90G L 011001 010000 1010001100 0000000000  06 0.167 84.22 0.001979 0.235145
C24 01S T 000110 100010 0100001100 0100110000  01 1.000 84.22 0.011874 0.247018
C21 01S T 001101 010000 0100000011 0000000000  01 1.000 84.22 0.011874 0.258892
C21 90G L 001101 000100 1000001100 0000000000  01 1.000 84.22 0.011874 0.270765
C22 01S T 011011 010000 0100111000 0000000000  06 0.167 84.22 0.001979 0.272744
C22 90G L 011011 000100 1000000011 0000000000  01 1.000 84.22 0.011874 0.284618
C23 01S T 001000 000010 0100000111 0000000000  01 1.000 84.22 0.011874 0.296492
C23 90G L 001000 000100 0100110000 0000000000  01 1.000 84.22 0.011874 0.308365
C25 01S T 001111 100000 0001111000 0000000000  01 1.000 84.22 0.011874 0.320239
C25 90G L 001111 100000 1000000110 0000000000  01 1.000 84.22 0.011874 0.332112
C26 01S T 000011 010001 0001111000 0001001100  01 1.000 84.22 0.011874 0.343986
C27 01S T 001110 010100 0001000110 0001001100  01 1.000 84.22 0.011874 0.355859
C28 01S T 011011 001000 0001111000 0000000000  01 1.000 84.22 0.011874 0.367733
C28 90G L 011011 001000 0111000110 0000000000  01 1.000 84.22 0.011874 0.379606
C30 01S T 010000 000101 0001000011 0001110000  01 1.000 84.22 0.011874 0.391480
C29 01S T 011101 000010 0001111000 0000000000  01 1.000 84.22 0.011874 0.403354
C29 90G L 011101 000010 0111000110 0000000000  01 1.000 84.22 0.011874 0.415227
C31 01S T 010001 100100 0010110000 0010000110  01 1.000 84.22 0.011874 0.427101
C31 90G L 010001 100000 1001001100 0000000000  01 1.000 84.22 0.011874 0.438974
C32 01S T 010001 011000 0010000011 0010001100  12 0.083 84.22 0.000989 0.439964
C32 90G L 010001 010000 1001110000 0000000000  01 1.000 84.22 0.011874 0.451837
C33 01S T 100010 010000 0010001110 0000000000  10 0.100 84.22 0.001187 0.453025
C34 01S T 011110 000101 0010111000 0010110000  01 1.000 84.22 0.011874 0.464898
C35 01S T 010100 001010 0010000011 0010110000  01 1.000 84.22 0.011874 0.476772
C36 01S T 100000 100000 0011111000 0000000000  01 1.000 84.22 0.011874 0.488645
C36 90G L 100000 010000 1000110000 0000000000  01 1.000 84.22 0.011874 0.500519
C37 01S T 001001 100000 0011000110 0000000000  01 1.000 84.22 0.011874 0.512392
C37 90G L 001001 010100 1000001100 1000110000  01 1.000 84.22 0.011874 0.524266
C38 01S T 010110 001000 0011001110 0000000000  01 1.000 84.22 0.011874 0.536140
C39 01S T 011110 010100 0011000011 0011000110  01 1.000 84.22 0.011874 0.548013
C39 90G L 011110 000010 0111110000 0000000000  01 1.000 84.22 0.011874 0.559887
C40 01S T 010000 001010 0011110000 0011001100  01 1.000 84.22 0.011874 0.571760
C41 01S T 100110 101000 0100111000 0100111000  01 1.000 84.22 0.011874 0.583634
C42 01S T 011010 101000 0100000110 0100000110  10 0.100 84.22 0.001187 0.584821
C43 01S T 011111 000101 0100110000 0100000011  01 1.000 84.22 0.011874 0.596695
C43 90G L 011111 010000 0111001100 0000000000  01 1.000 84.22 0.011874 0.608568
C44 01S T 011101 010100 0100000011 0100001100  01 1.000 84.22 0.011874 0.620442
C45 01S T 010010 100001 0100000011 0100110000  10 0.100 84.22 0.001187 0.621629
C62 01S T 001111 001000 0101110000 0000000000  01 1.000 84.22 0.011874 0.633503
C62 90G L 001111 100000 0111001100 0000000000  06 0.167 84.22 0.001979 0.635482
C46 01S T 010001 010000 0101000011 0000000000  10 0.100 84.22 0.001187 0.636669
C46 90G L 010001 010000 1001110000 0000000000  03 0.333 84.22 0.003958 0.640627
C47 01S T 011000 010100 0101001110 0101111000  10 0.100 84.22 0.001187 0.641814
C48 01S T 001101 100000 0101111000 0000000000  06 0.167 84.22 0.001979 0.643793
C48 90G L 001101 001010 1000000110 1000110000  01 1.000 84.22 0.011874 0.655667
C49 01S T 000111 000100 0101000111 0000000000  01 1.000 84.22 0.011874 0.667540
C49 90G L 000111 000010 1000001100 0000000000  01 1.000 84.22 0.011874 0.679414
C50 01S T 010010 000011 0101000011 0101001100  01 1.000 84.22 0.011874 0.691287
C51 01S T 000111 000001 0001000111 0000000000  01 1.000 84.22 0.011874 0.703161
C52 01S T 100001 000100 0001000110 0000000000  01 1.000 84.22 0.011874 0.715035
C52 90G L 100001 010000 1000110000 0000000000  01 1.000 84.22 0.011874 0.726908
C52 91G L 001100 010000 1000001100 0000000000  01 1.000 84.22 0.011874 0.738782
C53 01S T 010010 100010 0001111000 0001110000  01 1.000 84.22 0.011874 0.750655
C54 01S T 100001 010100 0001000011 0001011000  01 1.000 84.22 0.011874 0.762529
C55 01S T 010110 001000 0001000111 0000000000  01 1.000 84.22 0.011874 0.774402
C56 01S T 100111 001000 0010110000 0000000000  01 1.000 84.22 0.011874 0.786276
C56 90G L 100111 000010 1000001100 0000000000  01 1.000 84.22 0.011874 0.798149
C56 91G L 100111 000001 1000001100 0000000000  01 1.000 84.22 0.011874 0.810023
C57 01S T 100110 000010 0010000011 0000000000  01 1.000 84.22 0.011874 0.821897
C57 90G L 100110 000001 0111000011 0000000000  01 1.000 84.22 0.011874 0.833770
C58 01S T 001011 000010 0011000011 0000000000  01 1.000 84.22 0.011874 0.845644
C58 90G L 001011 000001 0111110000 0000000000  01 1.000 84.22 0.011874 0.857517
C59 01S T 100000 000001 0011001100 0000000000  01 1.000 84.22 0.011874 0.869391
C59 90G L 100000 000001 1000000011 0000000000  01 1.000 84.22 0.011874 0.881264
C60 01S T 100000 010000 0100110000 0000000000  01 1.000 84.22 0.011874 0.893138
C60 90G L 100000 000010 1000000011 0000000000  01 1.000 84.22 0.011874 0.905012
C61 01S T 010011 000010 0100001100 0000000000  01 1.000 84.22 0.011874 0.916885
C61 90G L 010011 000001 0111001100 0000000000  01 1.000 84.22 0.011874 0.928759
C63 01S T 010011 000001 0101110000 0000000000  01 1.000 84.22 0.011874 0.940632
C63 90G L 010011 000001 0111000011 0000000000  01 1.000 84.22 0.011874 0.952506
C65 01S T 010011 100000 0001000110 0000000000  01 1.000 84.22 0.011874 0.964379
C65 90G L 010011 000010 0111000011 0000000000  01 1.000 84.22 0.011874 0.976253
C64 01S T 001100 000010 0001001100 0000000000  01 1.000 84.22 0.011874 0.988126
C64 90G L 001100 000001 1000011000 0000000000  01 1.000 84.22 0.011874 1.000000
