C01 01S T 100011 101000 0001111000 0001111000  19 0.053 58.55 0.000899 0.000899
C02 01S T 100011 101000 0001000111 0001000111  28 0.036 58.55 0.000610 0.001509
C03 01S T 000100 100100 0001110000 0001110000  19 0.053 58.55 0.000899 0.002408
C04 01S T 000001 010100 0001001110 0001001100  01 1.000 58.55 0.017079 0.019487
C04 90G L 000001 000100 1010000011 0000000000  01 1.000 58.55 0.017079 0.036566
C04 91G L 000001 000010 1010110000 0000000000  01 1.000 58.55 0.017079 0.053645
C05 01S T 001110 000010 0001001110 0000000000  01 1.000 58.55 0.017079 0.070724
C06 01S T 011010 000001 0001111000 0000000000  01 1.000 58.55 0.017079 0.087803
C06 02S T 011010 100000 0001000111 0000000000  28 0.036 58.55 0.000610 0.088413
C07 01S T 010101 101000 0010111000 0010111000  19 0.053 58.55 0.000899 0.089312
C08 01S T 100101 101000 0010000110 0010000110  01 1.000 58.55 0.017079 0.106391
C08 90G L 100101 010000 1010110000 0000000000  01 1.000 58.55 0.017079 0.123470
C09 01S T 010000 010100 0010001110 0010110000  01 1.000 58.55 0.017079 0.140549
C10 01S T 001011 000101 0010001110 0010110000  01 1.000 58.55 0.017079 0.157628
C11 01S T 000010 100000 0010110000 0000000000  19 0.053 58.55 0.000899 0.158527
C11 90G L 000010 000010 0110001110 0000000000  01 1.000 58.55 0.017079 0.175606
C12 01S T 011100 000001 0010001110 0000000000  01 1.000 58.55 0.017079 0.192685
C13 01S T 000011 011000 0011111000 0011111000  20 0.050 58.55 0.000854 0.193539
C14 01S T 100101 010100 0011001100 0011110000  19 0.053 58.55 0.000899 0.194438
C14 90G L 100101 010000 1010000011 0000000000  06 0.167 58.55 0.002847 0.197284
C15 01S T 011111 010000 0011000110 0000000000  15 0.067 58.55 0.001139 0.198423
C15 90G L 011111 010100 0111110000 0111001100  11 0.091 58.55 0.001553 0.199975
C18 01S T 001110 001010 0011000110 0011110000  01 1.000 58.55 0.017079 0.217054
C18 02S T 100111 100001 0011000011 0011110000  01 1.000 58.55 0.017079 0.234133
C16 01S T 000000 000010 0011001110 0000000000  01 1.000 58.55 0.017079 0.251212
C17 01S T 010110 000001 0011001110 0000000000  01 1.000 58.55 0.017079 0.268291
C19 01S T 010101 011000 0100000111 0100000111  24 0.042 58.55 0.000712 0.269003
C20 01S T 011001 101000 0100110000 0100110000  37 0.027 58.55 0.000462 0.269465
C20 90G L 011001 010000 1010001100 0000000000  11 0.091 58.55 0.001553 0.271017
C24 01S T 000110 100100 0100110000 0100110000  19 0.053 58.55 0.000899 0.271916
C21 01S T 001101 010000 0100000011 0000000000  19 0.053 58.55 0.000899 0.272815
C21 90G L 001101 000100 1000001100 0000000000  01 1.000 58.55 0.017079 0.289894
C22 01S T 011011 010000 0100111000 0000000000  06 0.167 58.55 0.002847 0.292741
C22 90G L 011011 000100 1000000011 0000000000  01 1.000 58.55 0.017079 0.309820
C23 01S T 001000 000010 0100000111 0000000000  01 1.000 58.55 0.017079 0.326899
C23 90G L 001000 001000 0100110000 0000000000  19 0.053 58.55 0.000899 0.327797
C25 01S T 001111 100000 0001111000 0000000000  28 0.036 58.55 0.000610 0.328407
C25 90G L 001111 100000 1000000110 0000000000  01 1.000 58.55 0.017079 0.345486
C26 01S T 000011 100100 0001111000 0001110000  28 0.036 58.55 0.000610 0.346096
C27 01S T 001110 010100 0001000110 0001001100  01 1.000 58.55 0.017079 0.363175
C28 01S T 011011 001000 0001111000 0000000000  01 1.000 58.55 0.017079 0.380254
C28 90G L 011011 001000 0111000110 0000000000  01 1.000 58.55 0.017079 0.397333
C30 01S T 010000 000101 0001000011 0001110000  01 1.000 58.55 0.017079 0.414413
C29 01S T 011101 000010 0001111000 0000000000  01 1.000 58.55 0.017079 0.431492
C29 90G L 011101 000010 0111000110 0000000000  01 1.000 58.55 0.017079 0.448571
C31 01S T 010001 101000 0010110000 0010110000  19 0.053 58.55 0.000899 0.449469
C31 90G L 010001 100000 1001001100 0000000000  11 0.091 58.55 0.001553 0.451022
C32 01S T 010001 011000 0010000011 0010001100  12 0.083 58.55 0.001423 0.452445
C32 90G L 010001 010000 1001110000 0000000000  01 1.000 58.55 0.017079 0.469524
C33 01S T 100010 010000 0010001110 0000000000  10 0.100 58.55 0.001708 0.471232
C34 01S T 011110 100001 0010111000 0010110000  24 0.042 58.55 0.000712 0.471944
C35 01S T 010100 001010 0010000011 0010110000  19 0.053 58.55 0.000899 0.472843
C36 01S T 100000 100000 0011111000 0000000000  28 0.036 58.55 0.000610 0.473453
C36 90G L 100000 010000 1000110000 0000000000  01 1.000 58.55 0.017079 0.490532
C37 01S T 001001 100000 0011000110 0000000000  19 0.053 58.55 0.000899 0.491431
C37 90G L 001001 010100 1000001100 1000110000  01 1.000 58.55 0.017079 0.508510
C38 01S T 010110 100000 0011111000 0000000000  28 0.036 58.55 0.000610 0.509120
C39 01S T 011110 010100 0011000011 0011000110  01 1.000 58.55 0.017079 0.526199
C39 90G L 011110 000010 0111110000 0000000000  01 1.000 58.55 0.017079 0.543278
C40 01S T 010000 100010 0011000110 0011001100  19 0.053 58.55 0.000899 0.544177
C41 01S T 100110 101000 0100111000 0100111000  21 0.048 58.55 0.000813 0.544990
C42 01S T 011010 101000 0100000110 0100000110  10 0.100 58.55 0.001708 0.546698
C43 01S T 011111 100100 0100110000 0100110000  19 0.053 58.55 0.000899 0.547597
C43 90G L 011111 010000 0111001100 0000000000  01 1.000 58.55 0.017079 0.564676
C44 01S T 011101 010100 0100000011 0100001100  01 1.000 58.55 0.017079 0.581755
C45 01S T 010010 100001 0100000011 0100110000  10 0.100 58.55 0.001708 0.583463
C62 01S T 001111 100000 0101110000 0000000000  19 0.053 58.55 0.000899 0.584362
C62 90G L 001111 100000 0111001100 0000000000  06 0.167 58.55 0.002847 0.587208
C46 01S T 010001 010000 0101000011 0000000000  10 0.100 58.55 0.001708 0.588916
C46 90G L 010001 010000 1001110000 0000000000  03 0.333 58.55 0.005693 0.594609
C47 01S T 011000 010100 0101001110 0101111000  10 0.100 58.55 0.001708 0.596317
C48 01S T 001101 100000 0101111000 0000000000  24 0.042 58.55 0.000712 0.597028
C48 90G L 001101 001010 1000000110 1000110000  01 1.000 58.55 0.017079 0.614107
C49 01S T 000111 000100 0101000111 0000000000  01 1.000 58.55 0.017079 0.631186
C49 90G L 000111 000010 1000001100 0000000000  01 1.000 58.55 0.017079 0.648265
C50 01S T 010010 000011 0101000011 0101001100  01 1.000 58.55 0.017079 0.665345
C51 01S T 000111 100000 0001111000 0000000000  28 0.036 58.55 0.000610 0.665954
C52 01S T 100001 010000 0001000110 0000000000  17 0.059 58.55 0.001005 0.666959
C52 90G L 100001 010000 1000110000 0000000000  01 1.000 58.55 0.017079 0.684038
C52 91G L 001100 010000 1000001100 0000000000  06 0.167 58.55 0.002847 0.686885
C53 01S T 010010 100010 0001111000 0001110000  28 0.036 58.55 0.000610 0.687495
C54 01S T 100001 010100 0001000011 0001011000  12 0.083 58.55 0.001423 0.688918
C55 01S T 010110 001000 0001000111 0000000000  01 1.000 58.55 0.017079 0.705997
C56 01S T 100111 100000 0010000110 0000000000  06 0.167 58.55 0.002847 0.708843
C56 90G L 100111 000010 1000001100 0000000000  01 1.000 58.55 0.017079 0.725922
C56 91G L 100111 000001 1000001100 0000000000  01 1.000 58.55 0.017079 0.743001
C57 01S T 100110 001000 0010000011 0000000000  21 0.048 58.55 0.000813 0.743815
C57 90G L 100110 000001 0111000011 0000000000  01 1.000 58.55 0.017079 0.760894
C58 01S T 001011 000010 0011000011 0000000000  01 1.000 58.55 0.017079 0.777973
C58 90G L 001011 000001 0111110000 0000000000  01 1.000 58.55 0.017079 0.795052
C59 01S T 100000 000001 0011001100 0000000000  01 1.000 58.55 0.017079 0.812131
C59 90G L 100000 000001 1000000011 0000000000  01 1.000 58.55 0.017079 0.829210
C60 01S T 100000 010000 0100110000 0000000000  01 1.000 58.55 0.017079 0.846289
C60 90G L 100000 000010 1000000011 0000000000  01 1.000 58.55 0.017079 0.863368
C61 01S T 010011 000010 0100001100 0000000000  01 1.000 58.55 0.017079 0.880447
C61 90G L 010011 000001 0111001100 0000000000  01 1.000 58.55 0.017079 0.897526
C63 01S T 010011 000001 0101110000 0000000000  01 1.000 58.55 0.017079 0.914605
C63 90G L 010011 000001 0111000011 0000000000  01 1.000 58.55 0.017079 0.931684
C65 01S T 010011 100000 0001000110 0000000000  01 1.000 58.55 0.017079 0.948763
C65 90G L 010011 000010 0111000011 0000000000  01 1.000 58.55 0.017079 0.965842
C64 01S T 001100 000010 0001001100 0000000000  01 1.000 58.55 0.017079 0.982921
C64 90G L 001100 000001 1000011000 0000000000  01 1.000 58.55 0.017079 1.000000
